202 202 245 248 249 247 245 247 247 241 244  89  50 171 202 202
202 202 188 250 250 248 236  51 244 245 245  64 172 173 202 202
202 202 242 249 246 243  73  22 243 248 235  55 175 165 202 202
202 202 244 250 248 245  50  43 246 243 249  54 177 177 202 202
202 202 250 244 250 245  37  44 242 246 244  54 179 192 202 202
202 202 247 251 251 245 249 248 246 242 245  90 181 175 202 202
202 202 250 249 248 237 248 247 246 247 241 100 165 172 202 202
202 202 169 247 249 244 246 246  72 233 170  57 183 178 202 202
202 202 249 246 240 243 241 244 132 134  34 171 175 171 202 202
202 202 184 239 164 235 238 236 129 147 177  59  44 131 202 202
202 202 192 192 185 174 185 179  34 177 168 126 135  62 202 202
202 202 181 188 173 181 198 180 185 191 169  62 139  68 202 202
202 202 187 103  82 190  86 105 182 180 184 181 189 182 202 202
202 202 186 130 136  50 114  33 184 188 185 191 190 194 202 202
202 202 114  62 187 192  69  44 159 103 117  76 174 180 202 202
202 202 173 184 184 183 180 185 183 173 182 179 176 164 202 202
191 191 253 253 255 253 253 252 253 253 253  95  59 174 191 191
191 191 199 254 253 253 252  56 252 253 252  71 175 176 191 191
191 191 252 253 253 253  82  31 254 253 250  63 179 167 191 191
191 191 252 254 254 253  57  51 252 253 254  63 181 181 191 191
191 191 255 253 254 253  44  52 252 253 253  63 182 195 191 191
191 191 252 254 255 252 254 252 254 253 254  98 185 179 191 191
191 191 253 254 254 251 253 252 252 253 250 112 169 176 191 191
191 191 199 254 254 251 253 254  84 248 145  61 187 182 191 191
191 191 254 253 252 253 251 252 159 163  37 149 177 175 191 191
191 191 201 252 176 251 252 252 159 111 153  65  51 151 191 191
191 191 233 235 229 218 226 219  43 154 151 164 175  69 191 191
191 191 228 235 223 217 230 221 225 224 199  76 178  76 191 191
191 191 224 149 105 229 102 124 219 221 224 227 229 225 191 191
191 191 216 168 172  63 154  44 227 225 226 228 232 228 191 191
191 191 131  74 212 226  77  58 184 125 139  90 197 201 191 191
191 191 181 193 196 195 190 197 195 181 192 189 186 179 191 191
158 158 254 253 255 254 253 253 254 253 254  88  51 178 158 158
158 158 197 254 253 254 252  51 253 254 252  64 176 178 158 158
158 158 253 254 254 253  74  23 254 254 251  56 180 166 158 158
158 158 253 254 255 254  50  44 253 253 255  55 182 180 158 158
158 158 254 253 253 253  37  45 253 254 253  55 184 196 158 158
158 158 253 254 253 253 254 254 254 253 254  93 186 179 158 158
158 158 255 254 255 251 254 253 253 254 252 115 169 175 158 158
158 158 244 255 255 252 254 254 132 250 129  52 186 183 158 158
158 158 255 254 253 253 252 252 130 129  32 130 177 177 158 158
158 158 201 252 175 253 254 252 129  83 135  55  46 178 158 158
158 158 247 245 246 232 241 229  35 140 134 192 205  66 158 158
158 158 242 248 240 236 233 233 236 228 203  72 206  71 158 158
158 158 236 178 107 243 149 173 231 233 235 236 236 232 158 158
158 158 219 194 198  54 175  40 236 230 233 232 241 231 158 158
158 158 131  68 200 231  70  53 180 126 139  88 190 199 158 158
158 158 167 178 178 177 177 178 175 168 175 170 169 174 158 158

202 202 202 202 202 202 202 202 202 202 202 202 202 202 202 202
187 190 190 192 193 191 191 191 191 174 156 162 196 197 196 183
146 166 157 176 181 173 176 174 176 114  74 112 186 190 185 147
 85 125 128 132 132 134 131 151 146  88 114 130 186 190 171 176
107  94  94  95  95  94  93 151 152 133 113 108 182 187 134 175
242 243 235 236 237 237 198 151 133 167 143 115 177 184 123 172
242 244 243 242 243 244 242 181 119 157 154 172 176 186 129 170
245 243 239 234 241 244 243 160 115 114  90 175 160 175 160 178
243 162  50  73 144 245 245 241 237 205 155 171  92  90 151 188
244 182  52  59 102 245 245 241 240 219 173 186 111 110 136 182
246 234 216 215 215 246 245 243 241 194 168 159 144 142 153 173
248 247 247 246 246 247 246 244 228 168 167 183 144 130 158 176
246 247 246 247 247 247 247 246 233 152 177 184 110 119 126 178
226 190 190 205 242 219 211 205 246 191 167 183 170 177 122 177
214 212 213 214 215 211 213 210 215 212 196 197 198 198 189 197
202 202 202 202 202 202 202 202 202 202 202 202 202 202 202 202
191 191 191 191 191 191 191 191 191 191 191 191 191 191 191 191
182 184 185 186 187 186 186 186 186 172 150 160 203 203 199 182
150 169 160 180 185 177 180 178 180 130  79 131 227 229 213 164
 91 130 133 136 137 139 137 152 149  97 142 158 226 228 194 187
114 101 100 101 103 102 102 132 135 136 139 129 224 226 154 186
251 250 246 246 246 248 208 137 124 146 133 147 219 221 142 183
251 251 251 251 251 251 250 196 139 142 145 204 216 222 147 181
252 251 248 244 250 251 250 173 139 138 105 212 196 212 185 190
252 169  61  87 153 252 251 251 249 221 185 209 113 112 183 201
251 188  60  73 109 252 251 251 251 232 211 224 132 140 173 195
252 240 222 221 221 252 252 251 250 209 207 195 170 168 184 185
253 252 252 252 252 252 252 252 236 192 210 228 182 166 181 188
252 252 252 252 252 252 252 252 242 188 218 229 147 151 142 188
234 197 198 212 247 225 217 220 252 209 204 226 205 209 140 186
210 208 208 209 210 206 208 206 210 207 198 201 200 200 187 191
191 191 191 191 191 191 191 191 191 191 191 191 191 191 191 191
158 158 158 158 158 158 158 158 158 158 158 158 158 158 158 158
161 165 165 166 167 165 166 165 165 155 127 139 186 186 181 169
151 170 161 181 187 177 181 179 182 139  71 132 237 237 217 185
 87 128 132 135 136 138 139 153 149  96 158 168 236 234 189 170
108  94  94  95  96  96 105 117 119 132 154 133 235 232 149 168
252 250 247 246 247 249 208 125 111 129 123 158 230 228 139 168
252 252 252 251 252 252 251 208 117 123 133 209 228 228 143 166
252 251 248 245 251 252 251 183 117 113  93 219 207 221 182 171
253 163  53  77 155 252 252 251 250 221 189 219 146 127 187 181
252 182  52  62 104 252 252 252 251 233 222 234 172 164 180 176
253 239 216 216 217 253 252 251 252 210 220 207 189 180 186 168
253 252 252 253 253 252 252 252 237 196 223 242 199 192 177 171
253 253 252 252 253 253 253 253 242 197 229 243 165 163 136 170
234 195 197 211 247 226 218 248 252 211 213 239 214 212 134 170
188 185 186 187 187 184 185 187 187 185 178 182 181 179 164 165
158 158 158 158 158 158 158 158 158 158 158 158 158 158 158 158

202 183 147 176 175 172 170 178 188 182 173 176 178 177 197 202
202 196 185 171 134 123 129 160 151 136 153 158 126 122 189 202
202 197 190 190 187 184 186 175  90 110 142 130 119 177 198 202
202 196 186 186 182 177 176 160  92 111 144 144 110 170 198 202
202 162 112 130 108 115 172 175 171 186 159 183 184 183 197 202
202 156  74 114 113 143 154  90 155 173 168 167 177 167 196 202
202 174 114  88 133 167 157 114 205 219 194 168 152 191 212 202
202 191 176 146 152 133 119 115 237 240 241 228 233 246 215 202
202 191 174 151 151 151 181 160 241 241 243 244 246 205 210 202
202 191 176 131  93 198 242 243 245 245 245 246 247 211 213 202
202 191 173 134  94 237 244 244 245 245 246 247 247 219 211 202
202 193 181 132  95 237 243 241 144 102 215 246 247 242 215 202
202 192 176 132  95 236 242 234  73  59 215 246 247 205 214 202
202 190 157 128  94 235 243 239  50  52 216 247 246 190 213 202
202 190 166 125  94 243 244 243 162 182 234 247 247 190 212 202
202 187 146  85 107 242 242 245 243 244 246 248 246 226 214 202
191 182 164 187 186 183 181 190 201 195 185 188 188 186 191 191
191 199 213 194 154 142 147 185 183 173 184 181 142 140 187 191
191 203 229 228 226 221 222 212 112 140 168 166 151 209 200 191
191 203 227 226 224 219 216 196 113 132 170 182 147 205 200 191
191 160 131 158 129 147 204 212 209 224 195 228 229 226 201 191
191 150  79 142 139 133 145 105 185 211 207 210 218 204 198 191
191 172 130  97 136 146 142 138 221 232 209 192 188 209 207 191
191 186 180 149 135 124 139 139 249 251 250 236 242 252 210 191
191 186 178 152 132 137 196 173 251 251 251 252 252 220 206 191
191 186 180 137 102 208 250 250 251 251 252 252 252 217 208 191
191 186 177 139 102 248 251 251 252 252 252 252 252 225 206 191
191 187 185 137 103 246 251 250 153 109 221 252 252 247 210 191
191 186 180 136 101 246 251 244  87  73 221 252 252 212 209 191
191 185 160 133 100 246 251 248  61  60 222 252 252 198 208 191
191 184 169 130 101 250 251 251 169 188 240 252 252 197 208 191
191 182 150  91 114 251 251 252 252 251 252 253 252 234 210 191
158 169 185 170 168 168 166 171 181 176 168 171 170 170 165 158
158 181 217 189 149 139 143 182 187 180 186 177 136 134 164 158
158 186 237 234 232 228 228 221 127 164 180 192 163 212 179 158
158 186 237 236 235 230 228 207 146 172 189 199 165 214 181 158
158 139 132 168 133 158 209 219 219 234 207 242 243 239 182 158
158 127  71 158 154 123 133  93 189 222 220 223 229 213 178 158
158 155 139  96 132 129 123 113 221 233 210 196 197 211 185 158
158 165 182 149 119 111 117 117 250 251 252 237 242 252 187 158
158 165 179 153 117 125 208 183 251 252 251 252 253 248 187 158
158 166 181 139 105 208 251 251 252 252 252 252 253 218 185 158
158 165 177 138  96 249 252 252 252 252 253 252 253 226 184 158
158 167 187 136  96 247 252 251 155 104 217 253 253 247 187 158
158 166 181 135  95 246 251 245  77  62 216 253 252 211 187 158
158 165 161 132  94 247 252 248  53  52 216 252 252 197 186 158
158 165 170 128  94 250 252 251 163 182 239 252 253 195 185 158
158 161 151  87 108 252 252 252 253 252 253 253 253 234 188 158

202 202 202 202 202 202 202 202 202 202 202 202 202 202 202 202
197 189 198 198 197 196 212 215 210 213 211 215 214 213 212 214
177 122 177 170 183 167 191 246 205 211 219 242 205 190 190 226
178 126 119 110 184 177 152 233 246 247 247 247 247 246 247 246
176 158 130 144 183 167 168 228 244 246 247 246 246 247 247 248
173 153 142 144 159 168 194 241 243 245 246 215 215 216 234 246
182 136 110 111 186 173 219 240 241 245 245 102  59  52 182 244
188 151  90  92 171 155 205 237 241 245 245 144  73  50 162 243
178 160 175 160 175  90 114 115 160 243 244 241 234 239 243 245
170 129 186 176 172 154 157 119 181 242 244 243 242 243 244 242
172 123 184 177 115 143 167 133 151 198 237 237 236 235 243 242
175 134 187 182 108 113 133 152 151  93  94  95  95  94  94 107
176 171 190 186 130 114  88 146 151 131 134 132 132 128 125  85
147 185 190 186 112  74 114 176 174 176 173 181 176 157 166 146
183 196 197 196 162 156 174 191 191 191 191 193 192 190 190 187
202 202 202 202 202 202 202 202 202 202 202 202 202 202 202 202
191 191 191 191 191 191 191 191 191 191 191 191 191 191 191 191
191 187 200 200 201 198 207 210 206 208 206 210 209 208 208 210
186 140 209 205 226 204 209 252 220 217 225 247 212 198 197 234
188 142 151 147 229 218 188 242 252 252 252 252 252 252 252 252
188 181 166 182 228 210 192 236 252 252 252 252 252 252 252 253
185 184 168 170 195 207 209 250 251 252 252 221 221 222 240 252
195 173 140 132 224 211 232 251 251 251 252 109  73  60 188 251
201 183 112 113 209 185 221 249 251 251 252 153  87  61 169 252
190 185 212 196 212 105 138 139 173 250 251 250 244 248 251 252
181 147 222 216 204 145 142 139 196 250 251 251 251 251 251 251
183 142 221 219 147 133 146 124 137 208 248 246 246 246 250 251
186 154 226 224 129 139 136 135 132 102 102 103 101 100 101 114
187 194 228 226 158 142  97 149 152 137 139 137 136 133 130  91
164 213 229 227 131  79 130 180 178 180 177 185 180 160 169 150
182 199 203 203 160 150 172 186 186 186 186 187 186 185 184 182
191 191 191 191 191 191 191 191 191 191 191 191 191 191 191 191
158 158 158 158 158 158 158 158 158 158 158 158 158 158 158 158
165 164 179 181 182 178 185 187 187 185 184 187 187 186 185 188
170 134 212 214 239 213 211 252 248 218 226 247 211 197 195 234
170 136 163 165 243 229 197 242 253 253 253 253 252 252 253 253
171 177 192 199 242 223 196 237 252 252 252 253 253 252 252 253
168 186 180 189 207 220 210 252 251 252 253 217 216 216 239 253
176 180 164 172 234 222 233 251 252 252 252 104  62  52 182 252
181 187 127 146 219 189 221 250 251 252 252 155  77  53 163 253
171 182 221 207 219  93 113 117 183 251 252 251 245 248 251 252
166 143 228 228 209 133 123 117 208 251 252 252 251 252 252 252
168 139 228 230 158 123 129 111 125 208 249 247 246 247 250 252
168 149 232 235 133 154 132 119 117 105  96  96  95  94  94 108
170 189 234 236 168 158  96 149 153 139 138 136 135 132 128  87
185 217 237 237 132  71 139 182 179 181 177 187 181 161 170 151
169 181 186 186 139 127 155 165 165 166 165 167 166 165 165 161
158 158 158 158 158 158 158 158 158 158 158 158 158 158 158 158
