171 171 242 248 249 248 247 245 242 253 255 255 255 255 171 171
171 171 236 251 253  84 249 246 249 255 255 255 255 255 171 171
171 171 242 247 244 211 243 248 252 253 255 255 255 255 171 171
171 171 246 251 251 252 252 255 255 255 255 253 255 255 171 171
171 171 126 249 230 252 251 251 255 255 255 129 244 244 171 171
171 171 183 249 232 249 255 254 255 255 255 238 213 226 171 171
171 171  60 249 217 249 255 255 255 255 255 249 244 239 171 171
171 171 186 242 230 244  42 237 253 255 255 242  93 238 171 171
171 171 255 255 228 115  78 229  39 238 236 117 142 146 171 171
171 171 254 253 223 149  27  43 239 233  59 152 187 235 171 171
171 171 246 248 221 236 235 233 198 205 207 148 236 237 171 171
171 171 242 244 224 237 177 237 236 237 195 191 238 234 171 171
171 171 239 244 230 243 185 234 233 165 173 175 123 236 171 171
171 171 238 242 233 248 255 251 151 236 238 238 237 236 171 171
171 171 237 237 227 244 248 105 148 144 195  73 119 154 171 171
171 171 236 238 238 242 245 241 239 238 238 238 237 212 171 171
161 161 253 254 251 250 252 253 252 251 253 253 253 253 161 161
161 161 241 253 253  88 251 251 251 254 253 253 253 253 161 161
161 161 248 252 240 212 252 253 253 253 253 253 253 253 161 161
161 161 245 251 253 253 253 253 254 253 254 253 253 253 161 161
161 161 130 251 232 253 252 252 253 253 253 159 251 252 161 161
161 161 190 251 241 254 253 254 253 253 254 252 233 239 161 161
161 161  63 254 224 254 254 254 253 253 254 254 253 251 161 161
161 161 190 252 237 250  47 251 253 254 253 252 104 250 161 161
161 161 254 254 238 132  74 241  53 251 247 125 151 152 161 161
161 161 254 253 231 173  44  52 251 246  62 149 190 249 161 161
161 161 252 254 232 244 247 248 175 176 180 159 249 247 161 161
161 161 252 252 233 250 189 250 249 249 174 202 250 246 161 161
161 161 251 252 239 247 197 249 248 193 197 203 137 249 161 161
161 161 250 252 239 253 254 253 166 248 251 252 249 249 161 161
161 161 250 250 233 253 253 112 152 156 207  85 131 167 161 161
161 161 249 251 251 253 253 253 251 250 251 250 250 228 161 161
174 174 251 253 251 250 251 253 252 251 252 252 252 252 174 174
174 174 240 253 253  83 251 250 251 254 252 252 252 252 174 174
174 174 249 249 237 193 251 252 251 253 252 252 252 252 174 174
174 174 249 251 245 251 251 252 254 252 253 253 253 253 174 174
174 174 133 252 226 252 250 250 252 252 252 215 254 251 174 174
174 174 193 251 229 252 252 254 252 252 253 250 231 237 174 174
174 174  67 253 211 253 254 254 252 252 254 253 253 253 174 174
174 174 240 252 230 251  48 250 253 254 252 252 107 252 174 174
174 174 254 254 226 137 188 244  51 253 254 139 161 172 174 174
174 174 254 253 221 174  70  66 255 247  66 169 194 255 174 174
174 174 253 253 212 244 249 247 149 149 153 164 251 254 174 174
174 174 252 251 218 250 191 252 251 252 146 203 254 250 174 174
174 174 253 251 225 249 201 251 250 184 189 197 135 251 174 174
174 174 254 252 234 252 254 253 165 248 255 250 251 251 174 174
174 174 252 252 228 252 254 112 157 158 209  86 133 169 174 174
174 174 251 249 249 253 253 255 253 252 253 252 252 251 174 174

171 171 171 171 171 171 171 171 171 171 171 171 171 171 171 171
196 195 195 194 191 191 190 190 181 189 186 185 187 190 188 190
255 255 254 251 239 188 222 218 152 216 213 215 222 234 190 197
255 255 255 252 219 150 194 192 133 189 213 228 174 199 171 240
255 255 255 245 161 207 246 243 114 153 148 176 154 195 176 240
255 254 254 254 254 254 254 252 210 161 203 181 147 231 186 240
252 253 253 254 255 255 255 253 210 196 192 202 160 189 175 240
245 249 250 254 254 254 254 251 199 238 184 228 215 188 168 240
239 239 247 252 251 253 252 235 114 112 161 220 232 245 198 242
246 231 236 251 251 254 252 145  83  69 170 186 216 250 246 247
231 194 212 251 250 248 247 192 123 134 157 176 208 247 237 227
249 238 175 222 220 218 211 215 207 203 206 202 216 222 203 223
247 247 242 237 240 242 241 240 247 248 244 244 244 242 237 224
236 192 214 217 215 230 212 207 252 253 242 232 230 228 228 218
190 189 190 191 190 190 190 188 192 193 189 188 188 188 188 185
171 171 171 171 171 171 171 171 171 171 171 171 171 171 171 171
161 161 161 161 161 161 161 161 161 161 161 161 161 161 161 161
188 188 188 188 187 187 187 186 178 185 183 181 184 187 186 187
254 253 253 252 246 197 234 227 159 229 224 226 235 247 204 210
254 253 253 251 228 167 203 196 141 197 223 240 190 212 184 250
254 253 253 245 176 217 252 251 123 153 143 182 180 208 188 250
254 253 252 253 252 253 253 252 220 165 177 163 170 244 197 250
252 252 252 253 253 253 253 253 222 206 171 208 186 204 185 249
252 251 251 252 253 252 252 251 211 250 171 240 229 202 177 250
245 243 251 252 252 253 252 249 116 118 170 232 245 251 206 252
251 233 238 251 251 253 251 152  87  76 181 198 228 252 251 252
235 197 212 251 251 252 252 198 135 150 167 185 213 251 244 236
252 239 174 223 223 223 217 222 213 208 214 209 223 228 210 231
251 247 244 238 241 244 245 248 248 250 251 250 250 249 248 234
245 197 219 218 219 233 218 217 251 253 249 242 240 240 240 227
185 185 185 185 184 185 185 184 185 185 185 184 184 184 184 181
161 161 161 161 161 161 161 161 161 161 161 161 161 161 161 161
174 174 174 174 174 174 174 174 174 174 174 174 174 174 174 174
197 197 197 197 197 196 197 196 189 196 193 191 194 196 195 197
253 252 252 252 246 199 238 235 174 234 230 231 237 249 206 227
253 252 252 252 231 165 209 219 153 198 226 244 189 213 185 251
253 252 252 245 193 216 251 251 134 156 136 177 174 208 191 252
252 252 251 252 252 252 252 251 224 161 150 140 163 244 200 251
253 252 251 252 252 252 252 252 223 208 147 206 178 203 187 250
251 251 250 251 252 251 252 252 214 252 156 243 231 202 179 251
245 242 250 251 250 251 252 248 173 144 170 234 248 251 207 254
251 230 235 251 250 252 249 153 170 124 183 202 230 252 252 253
234 193 199 251 250 251 251 199 156 159 167 188 213 251 244 235
251 235 163 216 215 215 212 217 214 208 204 202 217 225 207 231
250 248 243 237 242 244 244 247 249 250 250 249 249 249 248 234
244 197 220 221 221 235 218 235 251 252 249 242 241 239 239 227
194 194 195 195 195 195 195 194 194 195 194 194 194 194 194 191
174 174 174 174 174 174 174 174 174 174 174 174 174 174 174 174

171 190 197 240 240 240 240 240 242 247 227 223 224 218 185 171
171 188 190 171 176 186 175 168 198 246 237 203 237 228 188 171
171 190 234 199 195 231 189 188 245 250 247 222 242 228 188 171
171 187 222 174 154 147 160 215 232 216 208 216 244 230 188 171
171 185 215 228 176 181 202 228 220 186 176 202 244 232 188 171
171 186 213 213 148 203 192 184 161 170 157 206 244 242 189 171
171 189 216 189 153 161 196 238 112  69 134 203 248 253 193 171
171 181 152 133 114 210 210 199 114  83 123 207 247 252 192 171
171 190 218 192 243 252 253 251 235 145 192 215 240 207 188 171
171 190 222 194 246 254 255 254 252 252 247 211 241 212 190 171
171 191 188 150 207 254 255 254 253 254 248 218 242 230 190 171
171 191 239 219 161 254 255 254 251 251 250 220 240 215 190 171
171 194 251 252 245 254 254 254 252 251 251 222 237 217 191 171
171 195 254 255 255 254 253 250 247 236 212 175 242 214 190 171
171 195 255 255 255 254 253 249 239 231 194 238 247 192 189 171
171 196 255 255 255 255 252 245 239 246 231 249 247 236 190 171
161 187 210 250 250 250 249 250 252 252 236 231 234 227 181 161
161 186 204 184 188 197 185 177 206 251 244 210 248 240 184 161
161 187 247 212 208 244 204 202 251 252 251 228 249 240 184 161
161 184 235 190 180 170 186 229 245 228 213 223 250 240 184 161
161 181 226 240 182 163 208 240 232 198 185 209 250 242 184 161
161 183 224 223 143 177 171 171 170 181 167 214 251 249 185 161
161 185 229 197 153 165 206 250 118  76 150 208 250 253 185 161
161 178 159 141 123 220 222 211 116  87 135 213 248 251 185 161
161 186 227 196 251 252 253 251 249 152 198 222 248 217 184 161
161 187 234 203 252 253 253 252 252 251 252 217 245 218 185 161
161 187 197 167 217 253 253 252 253 253 252 223 244 233 185 161
161 187 246 228 176 252 253 253 252 251 251 223 241 219 184 161
161 188 252 251 245 253 253 252 252 251 251 223 238 218 185 161
161 188 253 253 253 252 252 251 251 238 212 174 244 219 185 161
161 188 253 253 253 253 252 251 243 233 197 239 247 197 185 161
161 188 254 254 254 254 252 252 245 251 235 252 251 245 185 161
174 197 227 251 252 251 250 251 254 253 235 231 234 227 191 174
174 195 206 185 191 200 187 179 207 252 244 207 248 239 194 174
174 196 249 213 208 244 203 202 251 252 251 225 249 239 194 174
174 194 237 189 174 163 178 231 248 230 213 217 249 241 194 174
174 191 231 244 177 140 206 243 234 202 188 202 249 242 194 174
174 193 230 226 136 150 147 156 170 183 167 204 250 249 194 174
174 196 234 198 156 161 208 252 144 124 159 208 250 252 195 174
174 189 174 153 134 224 223 214 173 170 156 214 249 251 194 174
174 196 235 219 251 251 252 252 248 153 199 217 247 235 194 174
174 197 238 209 251 252 252 252 252 249 251 212 244 218 195 174
174 196 199 165 216 252 252 251 251 252 251 215 244 235 195 174
174 197 246 231 193 252 252 252 250 250 250 215 242 221 195 174
174 197 252 252 245 252 252 251 251 251 251 216 237 221 195 174
174 197 252 252 252 251 251 250 250 235 199 163 243 220 195 174
174 197 252 252 252 252 252 251 242 230 193 235 248 197 194 174
174 197 253 253 253 252 253 251 245 251 234 251 250 244 194 174

171 171 171 171 171 171 171 171 171 171 171 171 171 171 171 171
185 188 188 188 188 189 193 192 188 190 190 190 191 190 189 190
218 228 228 230 232 242 253 252 207 212 230 215 217 214 192 236
224 237 242 244 244 244 248 247 240 241 242 240 237 242 247 247
223 203 222 216 202 206 203 207 215 211 218 220 222 175 238 249
227 237 247 208 176 157 134 123 192 247 248 250 251 212 194 231
247 246 250 216 186 170  69  83 145 252 254 251 251 236 231 246
242 198 245 232 220 161 112 114 235 252 253 251 252 247 239 239
240 168 188 215 228 184 238 199 251 254 254 254 254 250 249 245
240 175 189 160 202 192 196 210 253 255 255 255 254 253 253 252
240 186 231 147 181 203 161 210 252 254 254 254 254 254 254 255
240 176 195 154 176 148 153 114 243 246 207 161 245 255 255 255
240 171 199 174 228 213 189 133 192 194 150 219 252 255 255 255
197 190 234 222 215 213 216 152 218 222 188 239 251 254 255 255
190 188 190 187 185 186 189 181 190 190 191 191 194 195 195 196
171 171 171 171 171 171 171 171 171 171 171 171 171 171 171 171
161 161 161 161 161 161 161 161 161 161 161 161 161 161 161 161
181 184 184 184 184 185 185 185 184 185 185 184 185 185 185 185
227 240 240 240 242 249 253 251 217 218 233 219 218 219 197 245
234 248 249 250 250 251 250 248 248 245 244 241 238 244 247 251
231 210 228 223 209 214 208 213 222 217 223 223 223 174 239 252
236 244 251 213 185 167 150 135 198 252 252 251 251 212 197 235
252 251 252 228 198 181  76  87 152 251 253 251 251 238 233 251
252 206 251 245 232 170 118 116 249 252 253 252 252 251 243 245
250 177 202 229 240 171 250 211 251 252 252 253 252 251 251 252
249 185 204 186 208 171 206 222 253 253 253 253 253 252 252 252
250 197 244 170 163 177 165 220 252 253 253 252 253 252 253 254
250 188 208 180 182 143 153 123 251 252 217 176 245 253 253 254
250 184 212 190 240 223 197 141 196 203 167 228 251 253 253 254
210 204 247 235 226 224 229 159 227 234 197 246 252 253 253 254
187 186 187 184 181 183 185 178 186 187 187 187 188 188 188 188
161 161 161 161 161 161 161 161 161 161 161 161 161 161 161 161
174 174 174 174 174 174 174 174 174 174 174 174 174 174 174 174
191 194 194 194 194 194 195 194 194 195 195 195 195 195 194 194
227 239 239 241 242 249 252 251 235 218 235 221 221 220 197 244
234 248 249 249 249 250 250 249 247 244 244 242 237 243 248 250
231 207 225 217 202 204 208 214 217 212 215 215 216 163 235 251
235 244 251 213 188 167 159 156 199 251 251 250 251 199 193 234
253 252 252 230 202 183 124 170 153 249 252 250 251 235 230 251
254 207 251 248 234 170 144 173 248 252 251 250 251 250 242 245
251 179 202 231 243 156 252 214 252 252 251 252 251 250 251 251
250 187 203 178 206 147 208 223 252 252 252 252 252 251 252 253
251 200 244 163 140 150 161 224 251 252 252 252 252 251 252 252
252 191 208 174 177 136 156 134 251 251 216 193 245 252 252 253
251 185 213 189 244 226 198 153 219 209 165 231 252 252 252 253
227 206 249 237 231 230 234 174 235 238 199 246 252 252 252 253
197 195 196 194 191 193 196 189 196 197 196 197 197 197 197 197
174 174 174 174 174 174 174 174 174 174 174 174 174 174 174 174
