171 171  70 230 232 232 232 232 232 232 232 232 232 232 171 171
171 171 102 232 232 232 232 232 232 232 232 232 232 232 171 171
171 171  98 232 232 232 232 232 232 232 232 232 232 232 171 171
171 171 106 161 232 232 232 232 232 232 232 232 232 232 171 171
171 171 233 182 232 232 232 232 232 232 232 232 232 232 171 171
171 171 232 232 232 232 232 232 232 232  94  98 232 232 171 171
171 171 232 173 232 232 232 232 119 168 190 143 138 106 171 171
171 171 139 232 232 231 213 213 218 220 219  76 193 199 171 171
171 171 218 218 233 213 157 174 222  80  70 133  68  64 171 171
171 171 232 232 230  51 222 232 232 232 170 187 113 194 171 171
171 171 232 232 232 159  24 232 232 232 232 123 232 232 171 171
171 171 232 232 232 114 186 232 232 232 230 231 232 233 171 171
171 171 109 232  27  35 164 232 225  48  32 142 140 139 171 171
171 171  98 232  91 155 177 138 145 129 139  53  25 118 171 171
171 171 156 144 148 144 146  89  67  31  37 102 126 140 171 171
171 171 147 144 143 130 138  23  48  57  29 233 230 214 171 171
209 209  77 250 250 250 250 250 250 250 250 250 250 250 209 209
209 209 109 250 250 250 250 250 250 250 250 250 250 250 209 209
209 209 107 250 250 250 250 250 250 250 250 250 250 250 209 209
209 209 113 174 250 250 250 250 250 250 250 250 250 250 209 209
209 209 251 196 250 250 250 250 250 250 250 251 250 250 209 209
209 209 250 250 250 250 250 250 250 249 146 112 250 250 209 209
209 209 250 166 250 250 250 250 169 181 195 168 163 116 209 209
209 209 140 250 250 247 223 213 218 229 225  90 182 195 209 209
209 209 196 198 251 227 168 187 233  86  76 153  97 105 209 209
209 209 250 250 247  93 238 250 250 250 132 199 118 209 209 209
209 209 250 250 251 122  32 250 250 250 250 178 250 250 209 209
209 209 250 250 250 125 150 250 250 250 249 248 246 250 209 209
209 209 118 250  35  42 140 250 242  54  44 182 186 191 209 209
209 209 143 248 104 190 192 187 196 183 193  64  32 120 209 209
209 209 204 196 189 192 194 152 116  41  45 106 127 150 209 209
209 209 200 197 193 181 185  31  57  66  37 251 238 204 209 209
238 238  67 253 253 253 253 253 253 253 253 253 253 253 238 238
238 238 101 252 253 253 253 253 253 253 253 253 253 253 238 238
238 238  98 253 253 253 253 253 253 253 253 253 253 253 238 238
238 238 105 168 253 253 253 253 253 253 253 253 253 253 238 238
238 238 254 192 253 253 253 253 253 253 253 255 253 253 238 238
238 238 253 253 253 253 253 253 253 251 119 102 253 253 238 238
238 238 252 136 253 253 253 253 142 150 159 194 168 107 238 238
238 238 121 253 253 249 184 167 173 185 180  77 142 152 238 238
238 238 150 153 253 226 162 183 232  76  65 142  81  83 238 238
238 238 253 253 248  71 239 253 253 253 234 200 110 206 238 238
238 238 253 253 254 219  27 253 253 253 252 151 253 254 238 238
238 238 253 253 253 117 111 253 253 253 249 247 240 251 238 238
238 238 235 253  29  35 105 253 242  46  37 202 212 220 238 238
238 238 119 250 102 210 191 210 224 208 219  57  27 114 238 238
238 238 232 224 211 215 218 120  91  35  39  99 121 145 238 238
238 238 228 225 219 205 211  25  51  58  31 253 225 166 238 238

171 171 171 171 171 171 171 171 171 171 171 171 171 171 171 171
192 192 192 192 192 192 161 182 148 156 167 184 154 138 165 178
232 232 232 231 231 230 126 194 104 156 155 221 130 103 139 193
232 232 231 232 231 207 126 175 103 179 188 222 118  82  91 166
232 231 231 231 227 137 136 116 123 180 179 220 122 112  82 144
232 232 231 231 208 101 167 211 154 189 206 226 151 135  76  89
232 231 231 231 231 179 156 216 155 211 228 230 127 135  86  87
232 231 231 231 231 230 156 212 153 231 230 231 168 136  97  75
232 231 231 232 231 231 227 184 164 231 231 231 231 142 112  84
232 231 231 231 231 231 231 196 177 185 110 165 161 158 129 125
232 231 231 231 231 231 230 159 156  91 146 103  57 154 126 134
232 231 232 231 231 231 202 216 193 172 204 146  79 168 137 129
202 191 199 196 198 228 168 205 190 228 231 231 231 174 143 137
193 188 191 194 198 226 201 166 184 224 231 221 191 177 151 144
189 189 189 189 189 189 187 178 175 184 189 185 181 188 168 163
171 171 171 171 171 171 171 171 171 171 171 171 171 171 171 171
209 209 209 209 209 209 209 209 209 209 209 209 209 209 209 209
223 223 223 223 223 222 190 211 184 187 198 212 195 168 191 203
250 250 250 249 249 248 144 193 133 172 173 230 177 121 142 195
250 250 249 250 249 225 154 171 130 198 206 231 153 110  97 167
250 249 249 249 245 166 159 126 148 199 197 231 159 151  92 142
250 250 249 249 222 140 182 215 165 206 228 241 177 187  91  93
250 249 249 249 249 200 171 224 163 231 245 248 145 185 115 102
250 249 249 249 249 248 181 214 160 249 246 249 194 186 138  98
250 249 249 250 249 249 244 188 172 249 249 249 249 187 157 113
250 249 249 249 249 249 249 204 191 206 129 137 139 176 173 173
250 249 249 249 249 249 248 169 171 118 137  94  62 175 167 183
250 249 250 249 249 249 214 229 209 191 215 154  89 196 178 175
218 206 214 211 213 246 165 220 197 243 249 249 249 195 192 189
208 203 205 208 213 244 211 171 191 233 249 239 207 198 193 195
221 221 221 221 221 221 219 208 203 213 221 217 213 220 206 204
209 209 209 209 209 209 209 209 209 209 209 209 209 209 209 209
238 238 238 238 238 238 238 238 238 238 238 238 238 238 238 238
243 242 242 242 242 242 207 219 196 201 214 229 224 187 208 221
253 253 253 252 252 251 138 153 116 162 164 219 201 123 131 182
253 253 252 252 252 225 145 136 116 194 203 219 167 118  90 151
253 252 252 252 247 154 160 104 135 197 193 224 168 167  87 126
253 253 252 252 225 124 163 170 155 208 225 238 184 213  89  87
253 252 252 252 252 196 141 180 152 230 246 249 144 212 124 101
253 252 252 252 252 251 160 169 151 252 246 252 188 211 142 102
253 252 252 253 252 252 243 152 164 253 252 252 252 206 165 122
253 252 252 252 252 252 252 180 192 203 116 102 108 177 193 195
253 252 252 252 252 252 251 163 170 106 182 104  53 179 188 207
253 252 253 252 252 252 208 223 207 188 227 161  84 204 197 196
218 205 214 211 212 248 140 220 186 242 252 252 252 197 219 217
208 201 205 207 212 246 203 159 182 226 252 240 238 198 218 223
242 242 242 242 242 242 239 226 221 230 242 238 239 241 233 232
238 238 238 238 238 238 238 238 238 238 238 238 238 238 238 238

171 178 193 166 144  89  87  75  84 125 134 129 137 144 163 171
171 165 139  91  82  76  86  97 112 129 126 137 143 151 168 171
171 138 103  82 112 135 135 136 142 158 154 168 174 177 188 171
171 154 130 118 122 151 127 168 231 161  57  79 231 191 181 171
171 184 221 222 220 226 230 231 231 165 103 146 231 221 185 171
171 167 155 188 179 206 228 230 231 110 146 204 231 231 189 171
171 156 156 179 180 189 211 231 231 185  91 172 228 224 184 171
171 148 104 103 123 154 155 153 164 177 156 193 190 184 175 171
171 182 194 175 116 211 216 212 184 196 159 216 205 166 178 171
171 161 126 126 136 167 156 156 227 231 230 202 168 201 187 171
171 192 230 207 137 101 179 230 231 231 231 231 228 226 189 171
171 192 231 231 227 208 231 231 231 231 231 231 198 198 189 171
171 192 231 232 231 231 231 231 232 231 231 231 196 194 189 171
171 192 232 231 231 231 231 231 231 231 231 232 199 191 189 171
171 192 232 232 231 232 231 231 231 231 231 231 191 188 189 171
171 192 232 232 232 232 232 232 232 232 232 232 202 193 189 171
209 203 195 167 142  93 102  98 113 173 183 175 189 195 204 209
209 191 142  97  92  91 115 138 157 173 167 178 192 193 206 209
209 168 121 110 151 187 185 186 187 176 175 196 195 198 220 209
209 195 177 153 159 177 145 194 249 139  62  89 249 207 213 209
209 212 230 231 231 241 248 249 249 137  94 154 249 239 217 209
209 198 173 206 197 228 245 246 249 129 137 215 249 249 221 209
209 187 172 198 199 206 231 249 249 206 118 191 243 233 213 209
209 184 133 130 148 165 163 160 172 191 171 209 197 191 203 209
209 211 193 171 126 215 224 214 188 204 169 229 220 171 208 209
209 190 144 154 159 182 171 181 244 249 248 214 165 211 219 209
209 222 248 225 166 140 200 248 249 249 249 249 246 244 221 209
209 223 249 249 245 222 249 249 249 249 249 249 213 213 221 209
209 223 249 250 249 249 249 249 250 249 249 249 211 208 221 209
209 223 250 249 249 249 249 249 249 249 249 250 214 205 221 209
209 223 250 250 249 250 249 249 249 249 249 249 206 203 221 209
209 223 250 250 250 250 250 250 250 250 250 250 218 208 221 209
238 221 182 151 126  87 101 102 122 195 207 196 217 223 232 238
238 208 131  90  87  89 124 142 165 193 188 197 219 218 233 238
238 187 123 118 167 213 212 211 206 177 179 204 197 198 241 238
238 224 201 167 168 184 144 188 252 108  53  84 252 238 239 238
238 229 219 219 224 238 249 252 252 102 104 161 252 240 238 238
238 214 164 203 193 225 246 246 252 116 182 227 252 252 242 238
238 201 162 194 197 208 230 252 253 203 106 188 242 226 230 238
238 196 116 116 135 155 152 151 164 192 170 207 186 182 221 238
238 219 153 136 104 170 180 169 152 180 163 223 220 159 226 238
238 207 138 145 160 163 141 160 243 252 251 208 140 203 239 238
238 242 251 225 154 124 196 251 252 252 252 252 248 246 242 238
238 242 252 252 247 225 252 252 252 252 252 252 212 212 242 238
238 242 252 252 252 252 252 252 253 252 252 252 211 207 242 238
238 242 253 252 252 252 252 252 252 252 252 253 214 205 242 238
238 242 253 253 252 253 252 252 252 252 252 252 205 201 242 238
238 243 253 253 253 253 253 253 253 253 253 253 218 208 242 238

171 171 171 171 171 171 171 171 171 171 171 171 171 171 171 171
163 168 188 181 185 189 184 175 178 187 189 189 189 189 189 189
144 151 177 191 221 231 224 184 166 201 226 198 194 191 188 193
137 143 174 231 231 231 228 190 205 168 228 198 196 199 191 202
129 137 168  79 146 204 172 193 216 202 231 231 231 232 231 232
134 126 154  57 103 146  91 156 159 230 231 231 231 231 231 232
125 129 158 161 165 110 185 177 196 231 231 231 231 231 231 232
 84 112 142 231 231 231 231 164 184 227 231 231 232 231 231 232
 75  97 136 168 231 230 231 153 212 156 230 231 231 231 231 232
 87  86 135 127 230 228 211 155 216 156 179 231 231 231 231 232
 89  76 135 151 226 206 189 154 211 167 101 208 231 231 232 232
144  82 112 122 220 179 180 123 116 136 137 227 231 231 231 232
166  91  82 118 222 188 179 103 175 126 207 231 232 231 232 232
193 139 103 130 221 155 156 104 194 126 230 231 231 232 232 232
178 165 138 154 184 167 156 148 182 161 192 192 192 192 192 192
171 171 171 171 171 171 171 171 171 171 171 171 171 171 171 171
209 209 209 209 209 209 209 209 209 209 209 209 209 209 209 209
204 206 220 213 217 221 213 203 208 219 221 221 221 221 221 221
195 193 198 207 239 249 233 191 171 211 244 213 208 205 203 208
189 192 195 249 249 249 243 197 220 165 246 213 211 214 206 218
175 178 196  89 154 215 191 209 229 214 249 249 249 250 249 250
183 167 175  62  94 137 118 171 169 248 249 249 249 249 249 250
173 173 176 139 137 129 206 191 204 249 249 249 249 249 249 250
113 157 187 249 249 249 249 172 188 244 249 249 250 249 249 250
 98 138 186 194 249 246 249 160 214 181 248 249 249 249 249 250
102 115 185 145 248 245 231 163 224 171 200 249 249 249 249 250
 93  91 187 177 241 228 206 165 215 182 140 222 249 249 250 250
142  92 151 159 231 197 199 148 126 159 166 245 249 249 249 250
167  97 110 153 231 206 198 130 171 154 225 249 250 249 250 250
195 142 121 177 230 173 172 133 193 144 248 249 249 250 250 250
203 191 168 195 212 198 187 184 211 190 222 223 223 223 223 223
209 209 209 209 209 209 209 209 209 209 209 209 209 209 209 209
238 238 238 238 238 238 238 238 238 238 238 238 238 238 238 238
232 233 241 239 238 242 230 221 226 239 242 242 242 242 242 242
223 218 198 238 240 252 226 182 159 203 246 212 207 205 201 208
217 219 197 252 252 252 242 186 220 140 248 212 211 214 205 218
196 197 204  84 161 227 188 207 223 208 252 252 252 253 252 253
207 188 179  53 104 182 106 170 163 251 252 252 252 252 252 253
195 193 177 108 102 116 203 192 180 252 252 252 252 252 252 253
122 165 206 252 252 252 253 164 152 243 252 252 253 252 252 253
102 142 211 188 252 246 252 151 169 160 251 252 252 252 252 253
101 124 212 144 249 246 230 152 180 141 196 252 252 252 252 253
 87  89 213 184 238 225 208 155 170 163 124 225 252 252 253 253
126  87 167 168 224 193 197 135 104 160 154 247 252 252 252 253
151  90 118 167 219 203 194 116 136 145 225 252 252 252 253 253
182 131 123 201 219 164 162 116 153 138 251 252 252 253 253 253
221 208 187 224 229 214 201 196 219 207 242 242 242 242 242 243
238 238 238 238 238 238 238 238 238 238 238 238 238 238 238 238
