132 132 244 255 255 255 255 255 255 255 255 254 255 250 132 132
132 132  69 255 255 255 255 255 255 255 255 254 255 236 132 132
132 132 159 255 255 255 255 255 255 255 255 113 249 250 132 132
132 132 226 255 255 255 255 255 255 156 249 241  48 229 132 132
132 132 252 255 255 255 255 255 253 101  96 159 249  90 132 132
132 132 252 255 255 255 255 255 253 213 246 255  50 183 132 132
132 132 253 247 154 245 249 248 252 249 252 251 251 233 132 132
132 132 133  97 100 190 105 246 194 244 247 247 244 199 132 132
132 132  94  90 119  99 197 162 130 225 231 251 243  75 132 132
132 132 223 242 241 250 253 249 253 246 252 250  59  77 132 132
132 132 248 251 245  32 246 248 253 245  73 240 170 165 132 132
132 132 255 251 210 177  67 154 242 233 160 174 173 162 132 132
132 132 248 250 251 203  70  20 145 152 166 157  38 167 132 132
132 132 101  79 168 182 165  64 160 164 157 142 151 153 132 132
132 132 169 164 164 169 173 170 160 159 156  30  28 161 132 132
132 132 168 164 161 160 160 163 157 155 159  47 157 167 132 132
183 183 246 255 255 255 255 255 255 255 255 255 255 255 183 183
183 183  66 255 255 255 255 255 255 255 255 254 255 250 183 183
183 183 161 255 255 255 255 255 255 255 255 122 254 254 183 183
183 183 232 255 255 255 255 255 255 190 253 251  58 249 183 183
183 183 255 255 255 255 255 255 255 153 112 206 253 112 183 183
183 183 254 255 255 255 255 255 255 229 254 255  61 218 183 183
183 183 255 253 205 253 254 254 255 253 255 254 254 250 183 183
183 183 170 105 107 219 112 253 205 252 254 254 248 209 183 183
183 183 104 101 136 111 222 209 130 216 238 255 251 126 183 183
183 183 210 243 246 254 255 254 255 254 255 255  94 130 183 183
183 183 253 253 252  43 253 253 255 253  77 249 199 193 183 183
183 183 255 253 186 155  77 151 253 250 188 208 200 189 183 183
183 183 254 255 255 191  83  36 169 177 197 191  47 167 183 183
183 183 126 129 195 193 192  77 188 192 181 149 152 156 183 183
183 183 198 189 192 197 205 197 185 183 157  39  38 161 183 183
183 183 194 186 187 186 186 189 179 176 179  64 159 169 183 183
149 149 245 255 255 255 255 255 255 255 255 255 255 254 149 149
149 149  58 255 255 255 255 255 255 255 255 255 255 250 149 149
149 149 155 255 255 255 255 255 255 255 255 117 253 253 149 149
149 149 233 255 255 255 255 255 255 171 254 251  50 250 149 149
149 149 255 255 255 255 255 255 255 123 104 176 254 100 149 149
149 149 254 255 255 255 255 255 255 230 253 255  54 208 149 149
149 149 255 254 174 254 254 254 254 255 255 254 254 250 149 149
149 149 147  94  98 239 109 254 204 253 253 254 247 209 149 149
149 149  99  96 136 109 245 194 114 166 238 255 254  98 149 149
149 149 162 225 241 253 255 253 255 254 254 254  78 102 149 149
149 149 254 255 253  35 254 254 255 253 103 250 216 211 149 149
149 149 255 253 138 117  71 243 253 250 210 230 219 205 149 149
149 149 253 254 254 196  80  29 187 197 216 211  42 145 149 149
149 149 112 103 216 194 210  77 205 210 195 142 132 136 149 149
149 149 216 208 209 217 226 217 202 198 137  32  31 140 149 149
149 149 212 203 205 204 204 207 196 190 190  59 137 150 149 149

132 132 132 132 132 132 132 132 132 132 132 132 132 132 132 132
187 187 186 183 132 138 161 133 112 106 146 136 144 112 129 147
251 251 239 150 128 158 178 230  75  68 158 130 144  93 124 137
253 251 247 186 217 170 248 228 177 108 150 163 104 106  88 138
253 239 175 140 156 200 226 228 236 238 180 159 159 137 114 110
254 253 254 201 159 231 250 247 215 241 175 146 154 136 108 137
255 255 253 155 121 195 219 235 217 212 223 181 144 160 128 140
255 255 254 253 244 244 248 199 153 238 242 231 149 159 154 147
255 255 255 255 255 254 250 243 162 237 215 154  54 105 152 160
255 255 255 255 255 254 245 159 163 228 210 156 105 132 160 162
255 255 255 255 255 254 233 177 152 216 119 140 166 174 155 160
255 255 255 255 255 252 138 164 144 220 209 202 231 153 145 157
255 255 255 255 255 254 203 138 131 217 246 251 244 111 154 161
210 199 210 205 241 217 243 127 125 203 243 253 234 149 156 164
180 179 180 180 178 174 181 150 140 160 178 184 175 174 143 145
132 132 132 132 132 132 132 132 132 132 132 132 132 132 132 132
183 183 183 183 183 183 183 183 183 183 183 183 183 183 183 183
216 216 215 214 170 178 196 164 153 145 184 172 171 142 158 175
254 253 245 167 150 180 191 238 117 108 184 156 147  99 127 140
254 253 251 198 224 178 252 236 193 135 176 191 120 112  94 140
254 243 190 157 175 208 236 239 245 246 193 188 186 150 118 122
255 254 254 212 174 239 253 252 220 246 184 170 180 160 116 156
255 255 254 171 146 213 233 246 211 216 230 196 169 187 148 160
255 255 254 254 247 247 252 206 156 243 248 241 172 187 179 169
255 255 255 255 255 254 253 252 194 240 222 161  65 122 175 186
255 255 255 255 255 254 251 168 186 233 217 165 116 154 186 188
255 255 255 255 255 254 241 210 166 222 128 130 156 181 176 185
255 255 255 255 255 253 172 168 160 228 216 200 235 175 170 183
255 255 255 255 255 254 209 140 149 223 248 253 246 137 180 186
214 203 213 209 242 223 247 155 135 207 244 254 234 171 182 189
210 209 209 210 210 207 212 182 176 190 206 213 203 208 181 183
183 183 183 183 183 183 183 183 183 183 183 183 183 183 183 183
149 149 149 149 149 149 149 149 149 149 149 149 149 149 149 149
198 197 198 197 147 154 175 144 127 121 172 158 145 120 133 148
254 253 244 159 140 169 187 238  95  88 199 163 131  86 109 121
254 253 250 195 223 175 252 235 187 122 189 209 120  98  80 123
254 243 183 150 166 205 233 237 243 246 196 207 206 148 103 119
255 254 254 208 167 238 253 252 213 246 206 183 198 173 106 165
255 255 254 163 133 206 227 244 165 234 239 205 186 205 157 171
255 255 254 254 246 247 253 203 138 241 248 243 186 205 195 184
255 255 255 255 255 254 253 252 196 234 221 205  72 126 186 204
255 255 255 255 255 254 252 166 201 231 216 186 124 165 204 205
255 255 255 255 255 254 241 215 166 225 124 101 149 183 187 204
255 255 255 255 255 253 151 146 158 231 213 184 234 187 185 201
255 255 255 255 255 254 208 117 139 218 245 253 239 133 197 205
212 201 211 207 242 233 249 132 125 197 234 253 214 163 199 208
191 190 190 191 191 190 194 159 163 166 181 194 174 188 167 172
149 149 149 149 149 149 149 149 149 149 149 149 149 149 149 149

132 147 137 138 110 137 140 147 160 162 160 157 161 164 145 132
132 129 124  88 114 108 128 154 152 160 155 145 154 156 143 132
132 112  93 106 137 136 160 159 105 132 174 153 111 149 174 132
132 144 144 104 159 154 144 149  54 105 166 231 244 234 175 132
132 136 130 163 159 146 181 231 154 156 140 202 251 253 184 132
132 146 158 150 180 175 223 242 215 210 119 209 246 243 178 132
132 106  68 108 238 241 212 238 237 228 216 220 217 203 160 132
132 112  75 177 236 215 217 153 162 163 152 144 131 125 140 132
132 133 230 228 228 247 235 199 243 159 177 164 138 127 150 132
132 161 178 248 226 250 219 248 250 245 233 138 203 243 181 132
132 138 158 170 200 231 195 244 254 254 254 252 254 217 174 132
132 132 128 217 156 159 121 244 255 255 255 255 255 241 178 132
132 183 150 186 140 201 155 253 255 255 255 255 255 205 180 132
132 186 239 247 175 254 253 254 255 255 255 255 255 210 180 132
132 187 251 251 239 253 255 255 255 255 255 255 255 199 179 132
132 187 251 253 253 254 255 255 255 255 255 255 255 210 180 132
183 175 140 140 122 156 160 169 186 188 185 183 186 189 183 183
183 158 127  94 118 116 148 179 175 186 176 170 180 182 181 183
183 142  99 112 150 160 187 187 122 154 181 175 137 171 208 183
183 171 147 120 186 180 169 172  65 116 156 235 246 234 203 183
183 172 156 191 188 170 196 241 161 165 130 200 253 254 213 183
183 184 184 176 193 184 230 248 222 217 128 216 248 244 206 183
183 145 108 135 246 246 216 243 240 233 222 228 223 207 190 183
183 153 117 193 245 220 211 156 194 186 166 160 149 135 176 183
183 164 238 236 239 252 246 206 252 168 210 168 140 155 182 183
183 196 191 252 236 253 233 252 253 251 241 172 209 247 212 183
183 178 180 178 208 239 213 247 254 254 254 253 254 223 207 183
183 170 150 224 175 174 146 247 255 255 255 255 255 242 210 183
183 214 167 198 157 212 171 254 255 255 255 255 255 209 210 183
183 215 245 251 190 254 254 254 255 255 255 255 255 213 209 183
183 216 253 253 243 254 255 255 255 255 255 255 255 203 209 183
183 216 254 254 254 255 255 255 255 255 255 255 255 214 210 183
149 148 121 123 119 165 171 184 204 205 204 201 205 208 172 149
149 133 109  80 103 106 157 195 186 204 187 185 197 199 167 149
149 120  86  98 148 173 205 205 126 165 183 187 133 163 188 149
149 145 131 120 206 198 186 186  72 124 149 234 239 214 174 149
149 158 163 209 207 183 205 243 205 186 101 184 253 253 194 149
149 172 199 189 196 206 239 248 221 216 124 213 245 234 181 149
149 121  88 122 246 246 234 241 234 231 225 231 218 197 166 149
149 127  95 187 243 213 165 138 196 201 166 158 139 125 163 149
149 144 238 235 237 252 244 203 252 166 215 146 117 132 159 149
149 175 187 252 233 253 227 253 253 252 241 151 208 249 194 149
149 154 169 175 205 238 206 247 254 254 254 253 254 233 190 149
149 147 140 223 166 167 133 246 255 255 255 255 255 242 191 149
149 197 159 195 150 208 163 254 255 255 255 255 255 207 191 149
149 198 244 250 183 254 254 254 255 255 255 255 255 211 190 149
149 197 253 253 243 254 255 255 255 255 255 255 255 201 190 149
149 198 254 254 254 255 255 255 255 255 255 255 255 212 191 149

132 132 132 132 132 132 132 132 132 132 132 132 132 132 132 132
145 143 174 175 184 178 160 140 150 181 174 178 180 180 179 180
164 156 149 234 253 243 203 125 127 243 217 241 205 210 199 210
161 154 111 244 251 246 217 131 138 203 254 255 255 255 255 255
157 145 153 231 202 209 220 144 164 138 252 255 255 255 255 255
160 155 174 166 140 119 216 152 177 233 254 255 255 255 255 255
162 160 132 105 156 210 228 163 159 245 254 255 255 255 255 255
160 152 105  54 154 215 237 162 243 250 254 255 255 255 255 255
147 154 159 149 231 242 238 153 199 248 244 244 253 254 255 255
140 128 160 144 181 223 212 217 235 219 195 121 155 253 255 255
137 108 136 154 146 175 241 215 247 250 231 159 201 254 253 254
110 114 137 159 159 180 238 236 228 226 200 156 140 175 239 253
138  88 106 104 163 150 108 177 228 248 170 217 186 247 251 253
137 124  93 144 130 158  68  75 230 178 158 128 150 239 251 251
147 129 112 144 136 146 106 112 133 161 138 132 183 186 187 187
132 132 132 132 132 132 132 132 132 132 132 132 132 132 132 132
183 183 183 183 183 183 183 183 183 183 183 183 183 183 183 183
183 181 208 203 213 206 190 176 182 212 207 210 210 209 209 210
189 182 171 234 254 244 207 135 155 247 223 242 209 213 203 214
186 180 137 246 253 248 223 149 140 209 254 255 255 255 255 255
183 170 175 235 200 216 228 160 168 172 253 255 255 255 255 255
185 176 181 156 130 128 222 166 210 241 254 255 255 255 255 255
188 186 154 116 165 217 233 186 168 251 254 255 255 255 255 255
186 175 122  65 161 222 240 194 252 253 254 255 255 255 255 255
169 179 187 172 241 248 243 156 206 252 247 247 254 254 255 255
160 148 187 169 196 230 216 211 246 233 213 146 171 254 255 255
156 116 160 180 170 184 246 220 252 253 239 174 212 254 254 255
122 118 150 186 188 193 246 245 239 236 208 175 157 190 243 254
140  94 112 120 191 176 135 193 236 252 178 224 198 251 253 254
140 127  99 147 156 184 108 117 238 191 180 150 167 245 253 254
175 158 142 171 172 184 145 153 164 196 178 170 214 215 216 216
183 183 183 183 183 183 183 183 183 183 183 183 183 183 183 183
149 149 149 149 149 149 149 149 149 149 149 149 149 149 149 149
172 167 188 174 194 181 166 163 159 194 190 191 191 190 190 191
208 199 163 214 253 234 197 125 132 249 233 242 207 211 201 212
205 197 133 239 253 245 218 139 117 208 254 255 255 255 255 255
201 185 187 234 184 213 231 158 146 151 253 255 255 255 255 255
204 187 183 149 101 124 225 166 215 241 254 255 255 255 255 255
205 204 165 124 186 216 231 201 166 252 254 255 255 255 255 255
204 186 126  72 205 221 234 196 252 253 254 255 255 255 255 255
184 195 205 186 243 248 241 138 203 253 247 246 254 254 255 255
171 157 205 186 205 239 234 165 244 227 206 133 163 254 255 255
165 106 173 198 183 206 246 213 252 253 238 167 208 254 254 255
119 103 148 206 207 196 246 243 237 233 205 166 150 183 243 254
123  80  98 120 209 189 122 187 235 252 175 223 195 250 253 254
121 109  86 131 163 199  88  95 238 187 169 140 159 244 253 254
148 133 120 145 158 172 121 127 144 175 154 147 197 198 197 198
149 149 149 149 149 149 149 149 149 149 149 149 149 149 149 149
